    000010000000111000001111000001101100001101100001000100011000110011111110011000110110000111110000011
    001111000011111100111001100011000100011001100011011100011001100011000110011000110011001110011111100
    000111100001000110010000100010000000010000000010000000011000000011000000001100000000111110000111100
    011111000111001100011000110011000110011000110011000110011000110011000110011000110011001100011111000
    000111100001000110010000000110000000111111100110000000110000000110000000011000000001111100000111000
    111111111111111110011000000011000000011000000111111100011000000011000000011000000011000000010000000
    000111110001000011010000000110000000110000000110001110110000111110000011011000111001111110000111100
    011000110111001110011000110011000110111111110011000110011000110011000110011000110011000110010000100
    000011000000011000000011000000011000000011000000011000000011000000011000000011000000011000000010000
    000001000000011000000011000000011000000011000000011000000011000000011000000011000000111000001110000
    011001111111000110011000110011001100011011000011110000011110000011011000011001100111000110110000011
    001100000011100000001100000001100000001100000001100000001100000001100000001100000001100000001111110
    010000001111000011011100111011111111011011011011000011011000011011000011011000011111000011110000001
    011000011111100011011110011011011011011001111011000111011000011011000011011000011011000011010000010
    001111100000111110010000011110000011110000011110000011110000011110000011010000011001000110000111100
    001111100011111110111000111011000011011000011011000110011011100011000000011000000011000000011000000
    001111100000111110010000011110000011110000011110000011110000011110001011010001111001000110000111011
    001111100011111110111000111011000011011000011011000110011011100011011000011001100011000110011000011
    000111110001000011010000000011111000001111100000001110000000111110000011011000111001111110000111100
    111111111111111110000110000000110000000110000000110000000110000000110000000110000000110000000100000
    011000010111000111111000110011000110011000110011000110011000110011000110011000110001111100000111000
    010000011110000011010000011011000110011000110011000110001100110001101110001101100000111100000111000
    010000001110000001110000001010000001010001001010011001010111001010111001010111011011101110011000100
    010000001110000011111000110011101100001111000000111000001111100011101110111000111110000011100000010
    010000001111000011011100110001111100000111100000011000000011000000011000000011000000011000000010000
    011111110000000110000001100000011000000110000001100000011000000110000000100000000111111111011111110